4.400000000000000000e+01
5.200000000000000000e+01
-2.226930000000000021e-01
3.276270000000000016e-01
-2.641814000000000107e+00
-4.662047000000000274e+00
-1.752316999999999902e+00
1.984593999999999969e+00
2.062990999999999797e+00
-8.743859999999999966e-01
6.470614000000000310e+00
3.659292999999999907e+00
-7.286169999999999591e-01
2.747415999999999858e+00
3.232791999999999888e+00
3.576950000000000074e+00
-2.323364999999999903e+00
4.809910000000000352e+00
2.480538999999999827e+00
-3.205426000000000109e+00
-5.913583000000000034e+00
3.358883000000000063e+00
1.635742000000000029e+00
6.748383999999999716e+00
1.370146000000000086e+00
1.368260000000000032e-01
-4.067439999999999944e-01
1.855008999999999908e+00
5.790213999999999750e+00
-1.535288999999999904e+00
9.511290000000000022e-01
4.225881000000000220e+00
-4.575586000000000375e+00
-4.223439999999999972e-01
5.122027000000000108e+00
-4.804202000000000083e+00
