4.100000000000000000e+01
5.500000000000000000e+01
-2.261334000000000177e+00
3.487023999999999901e+00
2.716207999999999956e+00
6.516269999999999563e+00
-3.952967000000000120e+00
-2.732299999999999729e-01
-3.584853999999999985e+00
-1.755139000000000005e+00
-8.794750000000000068e-01
2.201274000000000175e+00
1.847406000000000104e+00
3.943699000000000066e+00
-3.539189999999999836e-01
-2.183733000000000146e+00
-3.521968999999999905e+00
-6.846259999999999568e-01
-6.271589999999999776e+00
3.561688000000000187e+00
5.949470000000000036e-01
-7.117689999999999850e-01
2.856451999999999991e+00
4.494835000000000136e+00
-2.774023999999999823e+00
9.262909000000000503e+00
-1.598966000000000109e+00
-1.393067000000000055e+00
6.790823999999999749e+00
1.844996999999999998e+00
-4.794359000000000037e+00
1.990255000000000107e+00
3.811802000000000135e+00
-8.417229999999999990e-01
4.661565000000000403e+00
2.737712000000000145e+00
